3079 -6010 64739 -83117 -57909 159437 -106376 40902 41406 172759 -59321 -38949 12454 -1945 7750 584704 336736 -331432 -664440 81022 -36228 94931 -23066 21405 -60 -53245 -26377 -86655 1752 25125 -98629 -1840 -8436 -2831 55101 1512 -19635 73202 -74589 44403 -99025 4585 -19352 13263 18019 20026 30187 53347 29284 -72351 -21647 -54504 9724 -33844 -77012 17161 14031 -15484 -43903 -27425 
31745 51127 -10728 22184 60953 -214752 65331 -1438 55225 -77048 95641 -38863 56433 -96485 -428 -71803 493334 812749 -73412 -650970 87503 -29563 10949 23504 -29281 -81336 -128257 147372 -178982 -81507 -20779 -3071 -11880 61758 -32978 4950 -21805 -56000 9546 -37354 30809 -9436 -73455 10574 -40014 78631 101559 -20408 12593 -19030 38781 775 84282 111741 -49006 -26398 -58430 -48446 40416 -114376 
26561 37107 55290 -24516 -86653 104594 -28907 -21705 25579 19273 -28497 45999 -95352 77005 29067 58332 20476 40521 812527 -98066 -801129 34649 -39467 -101899 79569 51068 147442 -84691 156171 19523 6588 -38001 27459 -28996 1038 -71012 11648 51447 31599 30713 -17086 54523 87664 -39190 84560 -87693 11723 -38528 11771 32253 14647 60311 31313 -63625 -3268 28438 38588 59294 -91369 67030 
-62135 -39354 -72866 25966 58487 -29258 11108 -64048 10604 47610 -55491 407 46924 18313 35352 -23601 -49902 17606 -34116 749354 30203 -906585 -308599 -7065 -81302 11626 -68468 81914 -173955 68122 30257 136359 10921 -4578 -52457 45237 52761 -44959 10398 -92062 13032 -6227 -39547 -21818 -109823 -28834 6258 -47154 24648 -48071 4758 -29702 -39482 -27186 29646 -4959 24364 35499 85798 84442 
9402 -57625 23004 -22579 54566 100857 -76077 109170 -3916 -37542 88385 48479 19504 30839 -40574 12277 53178 -182686 35595 -5273 730182 306857 -444143 -587762 4861 -20313 57093 21684 101137 -59627 -44768 -80153 -63327 -21716 35674 14409 -47856 34761 -15020 46751 85101 -35760 -47679 34344 112286 99120 -131900 106984 -133746 33939 -360 -992 44047 -40005 10244 37963 -36401 -41374 -38603 -112148 
-80128 -38702 69680 27544 -8536 -92840 189030 -36084 -66736 34559 -112687 -41657 3211 -20369 14285 7750 -79858 116348 -83219 6508 23386 538810 712545 -36413 -712841 80178 86719 -8357 125163 -93881 125111 -21866 72782 -8567 41191 39870 -6139 -41836 37352 44879 -92255 -60232 94883 -8926 6530 -4353 133151 -45860 123767 -5669 63293 -17243 -66953 110693 -1107 -32391 18422 -84599 26525 9725 
65655 94651 -22392 -81363 -64790 133922 -90444 -4515 -16585 -105124 110164 -3893 3620 21442 -102431 -62662 -31587 14368 69297 3661 -43552 -57645 -22791 675576 26729 -856036 -82802 23909 -55673 122905 -140195 60903 29335 -3644 -37165 -43059 45088 -44210 17413 -5021 71012 85550 -59496 27299 -2458 -61116 -20601 -59432 -24483 -28068 -88341 -1654 85614 -82782 -10221 49784 69748 106134 -116504 9761 
-14757 -34347 -25337 100709 -28388 -44836 21940 1911 53611 65982 -49477 78424 59430 -72759 43808 -73948 3735 -16819 41861 -13358 -22015 30585 66251 -27677 686623 -18714 -834224 -522363 92777 -2972 113148 20308 -80534 104045 -52243 -30689 -96691 99017 -124188 17343 -41602 9677 32947 16009 -116937 18509 -22592 31589 -14386 -46974 34255 -4673 -46165 44127 52995 -66132 -139573 -116978 142437 -25527 
-388 18398 -55245 -35168 118207 -37364 14877 -2455 8337 -11207 83658 -69058 -96688 -14952 41428 5377 72127 -85580 -39540 27122 63160 -20693 17512 -14635 -12334 819235 373329 -336064 -885662 -59470 -44564 -44850 76460 -99420 -2362 62758 28343 -127029 150844 -25964 24275 -567 12404 -67720 51676 23749 33287 15101 4613 29691 -39576 -58553 12591 47723 -74267 -55903 8019 119409 -151149 36673 
7134 85 -31336 55921 -13298 -45929 -45058 4478 4443 25174 -71449 -31829 -58163 86274 -78602 131824 -81213 128452 -92180 -28695 -10 90789 -21801 -5415 35907 3098 497923 882795 39834 -754733 9299 13226 -51465 51292 65021 -206396 12552 106133 -20530 13797 -30993 -5191 -124902 -17023 55833 46077 -73874 19100 12672 10050 25175 54152 -53753 -62688 26938 103417 158260 -96554 130788 68155 
-4648 38812 152982 -53804 -90727 71621 -816 11452 -13864 -91964 62145 -96049 133554 -48907 77042 -138068 92675 -138321 58891 -12268 -9835 -35429 16545 67687 -90066 -92426 23032 -9213 811077 134475 -686632 21928 -49131 -14975 -74550 68085 -130311 -30889 6380 -75770 26478 -110789 92205 25436 -21792 -52590 97932 -37790 16407 81214 -22443 59526 73223 2002 29993 -13162 -59801 94315 -45918 -147491 
-4488 -22491 6642 -43916 96838 -59473 98939 -29826 8697 90598 -102326 165814 -87127 -78888 -31946 73608 -142320 77412 -46689 6558 12372 -88969 -57204 -89419 48194 4287 -70138 15755 -42656 711127 -14184 -724772 -417450 -46002 52147 11936 22282 -5086 -90157 -56000 25981 12188 -40404 38096 -11862 -2790 -82778 39517 38370 -49949 -57971 -113397 -49840 26966 -32694 10735 -164354 -20755 27657 109208 
-58502 23886 -86958 23485 -181052 48852 -71270 50369 -60350 14434 10398 -39132 -34745 87469 -114601 -62391 178870 -44651 71971 10337 -52712 67793 -89674 119591 58204 96848 -12175 -42023 26787 24193 747576 229514 -301640 -627489 4517 -25900 132278 1085 -44280 145774 -132001 133568 -60273 -4447 -125140 28694 9435 8941 -74337 9425 9198 72969 -659 -41526 2093 -7626 145652 -34788 51047 -3780 
137883 24076 46017 -75268 173299 20731 14853 -90591 84229 12649 51578 -42066 74305 -76375 196925 -52111 -135644 85839 -90829 58378 45835 -20453 52093 -214231 -76485 -41457 55132 -33470 -50151 -118507 -63756 511012 812654 -138006 -729443 148778 9319 44503 118215 -216204 137022 -167001 38746 20746 115883 -71535 17601 7939 -31429 28411 41932 -37080 47699 -31279 4120 -78297 -95739 95429 34137 34098 
-58476 13539 -111773 107822 -16751 -8579 -4422 10729 -83371 -25156 -85947 -2018 -15921 81252 -99743 162457 -35578 -115674 35552 -122721 22020 32105 38252 189332 7503 68396 -16091 -12562 58188 -15256 -68197 -52599 -15968 843595 -51192 -904070 -70 -25028 -98263 212033 -139949 36515 -8807 -30223 -55163 32951 -23605 -41258 100305 -64456 -48703 -18679 -16104 52086 27496 56112 136044 -84324 -81472 -41228 
-2600 -77429 71461 26494 -107174 -20323 -59845 22514 32310 -23181 69401 62882 -1783 15766 26444 -6950 84331 82437 14921 62798 -40987 13300 -8874 -143273 30524 19738 -38680 35362 4512 122972 72660 22967 2301 -39546 820868 133466 -799764 -521071 99349 -207570 145762 34723 -3748 22193 47629 22231 20418 84430 9221 57139 3755 -23515 22788 -2795 5429 46694 -112198 43335 61298 29997 
19275 -54625 -47728 -17870 27216 -84762 56464 -56616 -3349 68702 1338 -20560 83405 -25332 38027 -50072 43260 41986 13586 31045 -9592 -134226 128890 70422 40304 -160069 82419 -5638 -49576 -18114 -50923 21414 -30692 27242 -34349 768693 312211 -151296 -770992 115817 -102803 43041 52198 9066 6951 13813 12590 -2919 -18517 -92833 12912 50954 -74770 74870 12149 -22405 14748 28356 -60362 -6132 
-59815 109858 -14431 -47787 -105595 83893 -50562 98718 41377 -94491 -16796 25742 -176375 13310 -60380 70301 -23768 22845 1536 1397 -29625 168484 -72651 65862 -73022 119082 -178113 42332 86230 -7760 121154 -24237 2482 -66614 -32857 -175101 393618 593385 -42091 -786446 27649 29749 -31961 17594 12381 13520 40587 -87011 -112570 69611 5262 35385 26073 -57155 12678 -48719 97251 -75843 16316 -64411 
25842 8507 67615 14694 145709 -124818 40538 -31342 -21095 4334 -12825 -65549 120782 -20108 83938 23404 46028 -105876 39220 23351 68227 -120561 -1675 5978 38922 -35657 171135 -116139 -86084 -16474 -89785 -35013 -115598 76522 -145979 125 -5222 104866 791683 -54881 -849589 -142464 75721 -104618 20076 -55209 -78809 33963 101864 -17129 67225 -12546 1624 -62087 -82777 56268 -193650 75542 -134505 -10393 
66416 -66310 -20752 94590 -77591 11573 16951 -47266 -44115 14277 40535 -14143 -120422 -2772 -5818 -76417 -102580 -7389 -11761 20058 37235 29525 -19875 -32766 81682 -6598 -97490 74030 -81796 -16149 86618 35498 108276 -97344 3250 165642 -19050 -34058 -12558 943386 -63412 -693940 -491181 77248 -22295 47482 -8765 37521 -2673 47440 -23375 -9447 55052 48434 19990 -62081 196345 -94914 175774 5502 
373 -12230 -22989 -71873 95036 82238 -21967 40624 -7813 -53312 -80257 29912 96821 9143 -27334 -19266 -40118 64382 -49911 -31268 15294 59565 11964 66966 -87779 18424 -55550 -77473 134355 -87983 -69219 -63588 -28334 -84803 108853 -233916 -13498 -3376 -15932 -85055 937911 218009 -261225 -807557 -27325 -3893 33325 -18148 -35348 39787 69529 -76390 -124997 23367 66061 44936 -42239 26029 -39774 81121 
-77488 17951 -4748 -23307 -65 -6797 -1742 48308 78693 45064 47319 33005 8370 -87100 -53592 36716 39342 -24568 -10723 -63275 -70109 28522 30635 -53408 -21260 22449 38034 34910 -118726 91619 29965 -17934 24558 105568 3232 150295 110633 -11801 -62214 28407 -49848 577884 675124 -5301 -757949 -764 -44077 7303 -9419 -74338 -40287 35787 76701 9355 -34332 4153 42737 49757 -41282 -23227 
67731 13954 121399 -7247 -1647 -22830 46653 -23506 -17402 68796 3454 -8770 -68260 36388 -16567 -58516 40715 -8801 22991 27148 -31406 -27676 -7020 28989 83452 -59900 -37801 -19315 140184 60443 52585 71067 -35675 48492 23456 -76081 50349 -37540 57220 -106433 7296 -122386 -18509 762506 49178 -730681 64084 -224845 54990 66627 28954 -51060 -13921 -43971 -27245 -103773 -34224 -179838 19073 -19496 
-54338 -19531 -95442 -5532 -58525 101859 -29501 12457 33283 -46513 31573 31980 5143 51151 70116 48548 16643 25884 28793 -67150 31810 28758 16812 -62064 -30951 49417 143683 66974 -38122 -84052 -82060 -82349 24650 -94556 -103145 169205 -178218 -13677 18539 79160 2978 149923 -19316 11407 788352 -15548 -812517 -279855 -154084 -43257 -100243 161534 34435 -13033 -73166 52740 -62796 146809 -27602 -26284 
28930 -14228 9144 -76162 -7224 -146359 54180 -15202 -2130 44488 9850 -9980 46961 -29 40658 63901 23152 2842 10221 99153 -94947 12638 -14565 34082 14114 25814 -94796 -27141 24304 56820 81449 40474 -14667 131327 131592 -75276 61660 80776 -27925 17693 -52886 -65473 98399 51716 -17827 683284 220971 -385391 -707195 -3336 41712 -64069 -104849 25536 98271 -33889 -20966 -57172 52555 -15079 
-38338 63461 -116905 18045 -22662 121030 -71195 -7682 -8200 -46892 -95741 25878 -91022 20112 -114287 24561 -50197 25091 -83624 -50409 105821 -50809 -46000 48546 -94544 -34031 17661 -30585 -117091 -38895 -38960 55916 -66911 -91253 -7065 56357 56702 -47513 54240 -46384 103510 -64650 -41930 -77417 -77307 55860 429258 897062 88572 -913466 24373 -134585 81564 -51764 -9480 37922 114933 47477 -4805 44994 
85855 -36054 84622 103692 79130 -16239 31923 26911 4926 42537 51032 -14243 131688 3782 56318 -54743 28795 -109070 47306 42153 7323 41257 88108 -116418 35627 9768 5355 32437 40940 -23229 26040 -125253 62561 5694 43804 13063 32997 80950 37604 -3365 -130763 80888 20383 97718 45026 15069 125339 -157966 703199 153865 -829660 130820 -92764 50276 49835 43592 -30814 -7438 -3863 -43990 
-85154 47364 -56351 -54994 56981 60127 -37310 -31256 28035 6964 68403 -23357 -51348 -53771 -32094 -1119 10699 90986 -34988 -81827 -334 -33860 -39555 92134 12677 18992 48980 -12481 84725 16780 -128542 126455 80068 61680 -77989 -28702 -78585 -43009 -146700 -13054 37419 -15118 -49765 -108318 16116 -116948 10815 15727 35527 675180 94757 -758526 -498159 50186 -39373 34504 38433 -412 22699 6476 
35179 -126146 51325 16442 21197 -20537 34537 24090 -52348 -36762 -29198 -42490 22745 15306 57564 1554 5164 -66425 4290 39196 4602 -77840 -12636 -14670 43249 -7553 8597 70283 -93503 4828 93726 55163 -69155 -113635 34179 -6800 -30020 -90494 71312 112079 1127 -40396 33274 63694 -232 106733 -3620 47430 -127688 111278 742554 270961 -151675 -792499 3196 -31432 -38127 39524 -92377 2337 
11072 60071 6289 58327 -25573 -49805 35663 -9616 6806 -15496 -37833 -44357 -39815 -25550 2307 -29859 62118 38498 44814 -6010 -66373 114602 -69232 -24437 8787 -13442 33389 -92794 38401 59894 -50820 -50630 63412 133968 -21906 -123932 50817 -36665 -13776 -97416 -27304 -34285 -30601 28899 -29361 -74534 -46220 -12093 111535 -53264 -52063 521245 710685 20111 -755790 46044 -16617 -26741 101457 42717 
-111373 -10455 44843 13108 -45577 -5800 -94003 -10557 -731 -43779 45968 44999 8706 -4600 -79481 -19714 -54831 17620 20370 -1542 -35389 -102666 88437 8159 12611 71450 -82464 2411 -46301 -70133 84694 -11775 -15911 -37792 85165 87233 -20614 160021 -6228 39468 59319 43058 1814 -36807 -95822 -80799 -47289 32692 -35370 6786 86367 12105 83645 725095 8391 -541188 -4582 6588 -76789 -52021 
162853 114546 79789 39552 79866 100994 127795 85849 73293 141958 56497 103539 114119 124561 133888 107960 68850 80569 49605 101419 157759 125438 69140 86580 33941 15552 107988 129822 130854 88090 30400 63296 55585 71499 22995 103850 131099 38200 111171 99039 121349 142635 134109 79985 183353 220818 176419 101541 131745 105971 30858 30566 15692 79187 818233 574634 93426 84037 117608 128587 
